# Frame list with one line of data per frame:
#   FRAME_ID, RIG_ID, RIG_FROM_WORLD[QW, QX, QY, QZ, TX, TY, TZ], NUM_DATA_IDS, DATA_IDS[] as (SENSOR_TYPE, SENSOR_ID, DATA_ID)
# Number of frames: 15
17 1 0.86415489011498758 0.048257078738584175 -0.46120297615151001 -0.19544665520535687 3.6192726029699718 -0.44855670260173658 1.0209146262539643 1 CAMERA 1 17
18 1 0.99713292404598353 0.059165841819994638 -0.044909501428551851 -0.014438546556947875 -0.23188437084636679 -1.6237039781602425 2.4773707770818305 1 CAMERA 1 18
19 1 0.99826404394326906 0.054812609145131856 -0.020764159196891518 0.0057728798341912402 -0.57324417367392089 -1.4871416524924874 2.270753934233487 1 CAMERA 1 19
20 1 0.93957162484378787 0.1146856245428904 -0.29420847550193818 -0.13226391138340521 3.2831899094031907 0.010679708981096821 0.21408692848169569 1 CAMERA 1 20
21 1 0.96991441239091281 0.10949414028984078 -0.20929077394289203 -0.058944362079544767 1.9076834404567602 -0.21460856866763139 0.53646390522622778 1 CAMERA 1 21
22 1 0.99608878708456394 0.054163065767527198 -0.069509506885055153 -0.0064744886795365473 -0.1216667110848343 -1.4561027781418108 2.215873190221572 1 CAMERA 1 22
23 1 0.98816000044134322 0.064023337956921653 -0.13856819838021411 -0.015481605933502842 0.90545558578799434 -0.83545099500862707 1.4937428347474238 1 CAMERA 1 23
24 1 0.84216247347022222 0.052297177042866697 -0.5000765026813967 -0.19480981756012039 3.7132848281330531 -0.44826643787942289 1.3033969394399134 1 CAMERA 1 24
35 1 0.89129952660594547 0.1066576073576318 -0.3966029865984082 -0.19213375467623012 3.2800991789683906 0.15829786253333361 0.94388257996377767 1 CAMERA 1 35
44 1 0.95782273161628728 0.14455030252835646 0.20891138280391428 0.13430137368258999 -6.9995099410458534 -1.3535197680346658 2.0029170491905735 1 CAMERA 1 44
47 1 0.95795761170408067 0.14068145034931884 0.21121836997547178 0.13383849928451375 -5.3920660469438788 -1.1401144166714041 1.6684364408016847 1 CAMERA 1 47
48 1 0.96092339292573525 0.14846037650843644 0.19431552818560982 0.12971979432998584 -3.4448737023188176 -0.92781368151678978 1.1307728962831411 1 CAMERA 1 48
49 1 0.97209378481940889 0.14769805160553484 0.15167250316483968 0.1010663685462052 -1.9501445798509118 -0.87047356639687046 0.98851435986544445 1 CAMERA 1 49
50 1 0.98849669227536097 0.15105611657186885 0.007350313546049753 0.0015204925752258635 -0.29505883578888009 -0.61947054405458835 0.65811612635758565 1 CAMERA 1 50
51 1 0.98328014640072181 0.10847831325361257 -0.13221092241419219 -0.062553027442441053 0.60952392515930787 -0.78778235123046114 0.89304875492132152 1 CAMERA 1 51
